6834
19171
19171
18364
18471
17330
4726
8739
19120
23581
17285
23635
9550
6341
4723
5425
6834
19171
4899
4693
6341
23635
5456
23635
23622
5814
17402
23635
7201
16139
17667
23635
15319
23641
4899
4899
23635
11375
14479
23635
11209
23635
17330
5472
4899
19219
19171
11048
4214
6888
23616
17121
18409
23635
19030
17111
5182
4555
2565
4605
13837
10166
23635
11048
10260
23515
4899
4899
23581
23641
4276
23641
11175
11329
5497
4693
12260
23635
23635
18397
23635
5165
19454
23494
19171
4127
23635
3068
11014
4693
5239
23635
23581
13945
17727
5431
4276
22923
17402
4693
3056
23637
23635
4539
20993
5431
23635
10988
23622
17330
23635
3435
2063
15763
17181
23641
5425
4555
23635
9550
4162
23635
17121
21464
9394
23622
23635
11350
4693
17318
23641
23635
16639
17154
23641
19944
6612
23635
23540
23635
5478
23635
11175
4726
6841
17318
11048
23635
23635
4118
4693
5239
3017
18424
23614
11175
17094
13903
22522
23635
4899
23641
11021
7155
11014
6245
11014
11048
21651
11031
19077
23635
14997
3622
23635
17308
10991
18397
11031
23635
12824
19120
11029
11021
12824
10178
16122
23494
4693
17285
23635
23641
23635
23635
4899
6935
11175
17261
203
3872
23622
8302
8739
6319
18420
19586
11048
11034
23635
18409
18409
4366
6550
7988
12769
23635
23635
9148
4101
11021
10602
23635
964
13945
12824
11029
23614
6935
12176
23635
4899
23635
3070
18409
4214
23635
21417
4805
6178
6612
4899
4693
8739
23635
6913
6230
23637
1873
8739
3012
23581
11175
6888
18405
23635
23494
6604
4899
2210
23635
23635
3595
4899
4276
14902
4899
5321
19171
23635
6612
23635
17326
5513
19171
23641
6230
23637
3815
19171
13959
11021
2691
4899
6612
4899
6612
2455
4693
9394
3111
10988
11350
23641
10991
19171
11096
11014
11345
13945
17121
1020
5098
23641
22644
17330
23641
7420
23624
19775
10295
4685
23635
6341
23581
19171
17130
6913
9903
6230
19171
19038
23635
7226
11175
23635
11175
23622
23635
4899
6612
23635
18405
23635
3648
23635
12630
11329
23614
4899
23641
4899
3495
17113
4899
9171
11350
23559
23624
23624
23635
4899
23622
23581
6659
4726
11029
10178
7003
23635
6245
6604
2691
6612
23641
23614
15839
23581
15035
19171
17326
23641
3791
14327
23614
23635
6834
6604
4420
6249
23622
7399
22863
6827
4899
3080
11350
4899
23641
4693
3648
9550
6341
18424
23622
2790
23635
19171
3243
17162
17261
4693
9550
19171
9550
23635
2620
10436
6778
17345
6245
17164
23494
4899
9171
23635
11503
19171
6341
8616
11175
1419
23641
23635
19413
23635
23635
19171
4467
4899
23635
4467
4420
23635
3192
19171
6935
23622
7081
2874
23635
8462
23641
14875
23635
1813
1442
19171
6230
23635
6604
2799
11021
17840
11014
3361
5544
17868
2967
17261
6230
17328
19887
